1581632135982 0
1581632136298 0
1581632136539 0
1581632136722 0
1581632136927 0
1581632137114 0
1581632137299 0
1581632137508 0
1581632137687 0
1581632137886 0
1581632138039 0
1581632138212 0
1581632138387 0
1581632138544 0
1581632138695 0
1581632138865 0
1581632139038 0
1581632139175 0
1581632139326 0
1581632139488 0
1581632139664 0
1581632139848 0
1581632140008 0
1581632140307 0
1581632140443 0
1581632140593 0
1581632140762 0
1581632140918 0
1581632141064 0
1581632141228 0
1581632141387 0
1581632141548 0
1581632141698 0
1581632141865 0
1581632142015 0
1581632142184 0
1581632142356 0
1581632142498 0
1581632142660 0
1581632142836 0
1581632142977 0
1581632143118 0
1581632143280 0
1581632143432 0
1581632143594 0
1581632143743 0
1581632143886 0
1581632144044 0
1581632144195 0
1581632144323 0
1581632144450 0
1581632144614 0
1581632144775 0
1581632144964 0
1581632145116 0
1581632145260 0
1581632145386 0
1581632145511 0
1581632145663 0
1581632145787 0
